0 0 0 0 0 0 0 0 0 0 0 0 0 0 0 0 0 0 0 0 0 0 0 0 0 0 0 0 0 0 0 0 0.0015375259740958312 0.0030750519481916624 0.0077977942477344339 0.012520536547277205 0.012520536547277205 0.012520536547277205 0.010983010573181374 0.0062602682736386025 0.0015375259740958312 0.0015375259740958312 0 0 0 0 0 0 0 0 
0 0 0 0 0 0 0 0 0 0 0 0 0 0 0 0 0 0 0 0 0 0 0 0 0 0 0 0 0 0 0 0 0.0015375259740958312 0.0030750519481916624 0.0077977942477344339 0.012520536547277205 0.01488190769704859 0.01488190769704859 0.013344381722952759 0.008621639423409988 0.003898897123867217 0.0015375259740958312 0 0 0 0 0 0 0 0 
0 0 0 0 0 0 0 0 0 0 0 0 0 0 0 0 0 0 0 0 0 0 0 0 0 0 0 0 0 0 0 0 0 0.0015375259740958312 0.0062602682736386025 0.010983010573181374 0.013344381722952759 0.014992072074303867 0.013454546100208036 0.0087318038006652648 0.0040090615011224946 0.0016476903513511091 0 0 0 0 0 0 0 0 
0 0 0 0 0 0 0 0 0 0 0 0 0 0 0 0 0 0 0 0 0 0 0 0 0 0 0 0 0 0 0 0 0 0.00082384517567555453 0.0055465874752183252 0.010269329774761096 0.012630700924532482 0.01427839127588359 0.013454546100208036 0.0087318038006652648 0.0040090615011224946 0.0016476903513511091 0 0 0 0 0 0 0 0 
0 0 0 0 0 0 0 0 0 0 0 0 0 0 0 0 0 0 0 0 0 0 0 0 0 0 0 0 0 0 0 0 0 0.00082384517567555453 0.00082384517567555453 0.0055465874752183252 0.0079079586249897107 0.0095556489763408189 0.0087318038006652648 0.0034405135669597934 -0.0012822287325829781 -0.0036435998823543636 -0.0052912902337054722 -0.0052912902337054722 0 0 0 0 0 0 
-0.011886923290067845 -0.011886923290067845 -0.011886923290067845 -0.011886923290067845 -0.011886923290067845 0 0 0 0 0 0 0 0 0 0 0 0 0 0 0 0 0 0 0 0 0 0 0 0 0 0 0 0 0.00082384517567555453 0.00082384517567555453 0.00082384517567555453 0.0031852163254469401 0.0048329066767980496 0.0040090615011224946 -0.0012822287325829781 -0.0065735189662884507 -0.0089348901160598362 -0.010582580467410944 -0.010582580467410944 -0.0052912902337054722 0 0 0 0 0 
-0.011886923290067845 -0.023773846580135691 -0.023773846580135691 -0.023773846580135691 -0.023773846580135691 -0.011886923290067845 0 0 0 0 0 0 0 0 0 0 0 0 0 0 0 0 0 0 0 0 0 0 0 0 0 0 0 0.00082384517567555453 0.00082384517567555453 0.00082384517567555453 0.00082384517567555453 0.0024715355270266636 0.0016476903513511091 -0.0036435998823543636 -0.0089348901160598362 -0.011580535232912572 -0.013228225584263681 -0.013228225584263681 -0.0079369353505582083 -0.0026456451168527361 0 0 0 0 
-0.011886923290067845 -0.023773846580135691 -0.047547693160271381 -0.047547693160271381 -0.047547693160271381 -0.035660769870203536 -0.023773846580135691 0 0 0 0 0 0 0 0 0 0 0 0 0 0 0 0 0 0 0 0 0 0 0 0 0 0 0.00082384517567555453 0.00082384517567555453 0.00082384517567555453 0.00082384517567555453 0.00082384517567555453 0 -0.0052912902337054722 -0.010582580467410944 -0.013228225584263681 -0.018519515817969151 -0.018519515817969151 -0.013228225584263681 -0.0079369353505582083 -0.0052912902337054722 0 0 0 
-0.011886923290067845 -0.023773846580135691 -0.047547693160271381 -0.059434616450339227 -0.059434616450339227 -0.047547693160271381 -0.035660769870203536 -0.011886923290067845 0 0 0 0 0 0 0 0 0 0 0 0 0 0 0 0 0 0 0 0 0 0 0 0 0 0 0 0 0 0 0 -0.0052912902337054722 -0.010582580467410944 -0.013228225584263681 -0.018519515817969151 -0.021165160934821889 -0.015873870701116417 -0.010582580467410944 -0.0079369353505582083 -0.0026456451168527361 0 0 
-0.035660769870203536 -0.047547693160271381 -0.071321539740407072 -0.083208463030474911 -0.059434616450339227 -0.047547693160271381 -0.035660769870203536 -0.011886923290067845 0 0 0 0 0 0 0 0 0 0 0 0 0 0 0 0 0 0 0 0 0 0 0 0 0 0 0 0 0 0 0 0 -0.0052912902337054722 -0.0079369353505582083 -0.013228225584263681 -0.015873870701116417 -0.015873870701116417 -0.010582580467410944 -0.0079369353505582083 -0.0026456451168527361 0 0 
-0.035660769870203536 -0.047547693160271381 -0.071321539740407072 -0.083208463030474911 -0.059434616450339227 -0.047547693160271381 -0.035660769870203536 -0.011886923290067845 0 0 0 0 0 0 0 0 0 0 0 0 0 0 0 0 0 0 0 0 0 0 0 0 0 0 0 0 0 0 0 0 0 -0.0026456451168527361 -0.0079369353505582083 -0.010582580467410944 -0.010582580467410944 -0.010582580467410944 -0.0079369353505582083 -0.0026456451168527361 0 0 
-0.035660769870203536 -0.035660769870203536 -0.059434616450339227 -0.071321539740407072 -0.047547693160271381 -0.035660769870203536 -0.035660769870203536 -0.011886923290067845 0 0 0 0 0 0 0 0 0 0 0 0 0 0 0 0 0 0 0 0 0 0 0 0 0 0 0 0 0 0 0 0 0 0 -0.0052912902337054722 -0.0079369353505582083 -0.0079369353505582083 -0.0079369353505582083 -0.0079369353505582083 -0.0026456451168527361 0 0 
-0.035660769870203536 -0.035660769870203536 -0.035660769870203536 -0.047547693160271381 -0.023773846580135691 -0.011886923290067845 -0.011886923290067845 -0.013932927778922797 -0.0020460044888549514 -0.0020460044888549514 -0.0020460044888549514 -0.0020460044888549514 0 0 0 0 0 0 0 0 0 0 0 0 0 0 0 0 0 0 0 0 0 0 0 0 0 0 0 0 0 0 0 -0.0026456451168527361 -0.0026456451168527361 -0.0026456451168527361 -0.0026456451168527361 -0.0026456451168527361 0 0 
-0.035660769870203536 -0.035660769870203536 -0.035660769870203536 -0.035660769870203536 -0.011886923290067845 0 0 -0.0020460044888549514 -0.0040920089777099029 -0.0040920089777099029 -0.0040920089777099029 -0.0040920089777099029 -0.0020460044888549514 0 0 0 0 0 0 0 0 0 0 0 0 0 0 0 0 0 0 0 0 0 0 0 0 0 0 0 0 0 0 0 0 0 0 0 0 0 
-0.011886923290067845 -0.011886923290067845 -0.011886923290067845 -0.011886923290067845 -0.011886923290067845 0 0 -0.0020460044888549514 -0.0040920089777099029 -0.0081840179554198058 -0.0081840179554198058 -0.0081840179554198058 -0.0061380134665648539 -0.0040920089777099029 0 0 0 0 0 0 0 0 0 0 0 0 0 0 0 0 0 0 0 0 0 0 0 0 0 0 0 0 0 0 0 0 0 0 0 0 
0 0 0 0 0 0 0 -0.0020460044888549514 -0.0040920089777099029 -0.0081840179554198058 -0.01227602693312971 -0.01227602693312971 -0.010230022444274758 -0.0081840179554198058 -0.0040920089777099029 0 0 0 0 0 0 0 0 0 0 0.0063466274505215763 0.0063466274505215763 0.0063466274505215763 0.0063466274505215763 0.0063466274505215763 0 0 0 0 0 0 0 0 0 0 0 0 0 0 0 0 0 0 0 0 
0 0 0 0 0 0 -0.0020460044888549514 -0.0040920089777099029 -0.0061380134665648539 -0.010230022444274758 -0.014322031421984661 -0.01227602693312971 -0.010230022444274758 -0.0081840179554198058 -0.0040920089777099029 0 0 0 0 0 0 0 0 0 0 0.0063466274505215763 0.012693254901043153 0.012693254901043153 0.012693254901043153 0.012693254901043153 0.0063466274505215763 0 0 0 0 0 0 0 0 0 0 0 0 0 0 0 0 0 0 0 
0 0 0 0 0 0 -0.0020460044888549514 -0.0040920089777099029 -0.0061380134665648539 -0.010230022444274758 -0.014322031421984661 -0.01227602693312971 -0.010230022444274758 -0.0081840179554198058 -0.0040920089777099029 0 0 0 0 0 0 0 0 0 0 0.0063466274505215763 0.012693254901043153 0.025386509802086305 0.025386509802086305 0.025386509802086305 0.01903988235156473 0.012693254901043153 0 0 0 0 0 0 0 0 0 0 0 0 0 0 0 0 0 0 
0 0 0 0 0 0 -0.0020460044888549514 -0.0040920089777099029 -0.0040920089777099029 -0.0081840179554198058 -0.01227602693312971 -0.010230022444274758 -0.0081840179554198058 -0.0081840179554198058 -0.0040920089777099029 0 0 0 0 0 0 0 0 0 0 0.0063466274505215763 0.012693254901043153 0.025386509802086305 0.031733137252607881 0.031733137252607881 0.025386509802086305 0.01903988235156473 0.0063466274505215763 0 0 0 0 0 0 0 0 0 0 -0.0017829728958715424 -0.0017829728958715424 -0.0017829728958715424 -0.0017829728958715424 -0.0017829728958715424 0 0 
0 0 0 0 0 0 -0.0020460044888549514 -0.0040920089777099029 -0.0040920089777099029 -0.0040920089777099029 -0.0081840179554198058 -0.0061380134665648539 -0.0040920089777099029 -0.0040920089777099029 -0.0040920089777099029 0 0 0 0 0 0 0 0 0 0.012693254901043153 0.01903988235156473 0.025386509802086305 0.038079764703129459 0.044426392153651038 0.031733137252607881 0.025386509802086305 0.01903988235156473 0.0063466274505215763 0 0 0 0 0 0 0 0 0 0 -0.0017829728958715424 -0.0053489186876146269 -0.0053489186876146269 -0.0053489186876146269 -0.0053489186876146269 -0.0035659457917430848 0 
0 0 0 0 0 0 -0.0020460044888549514 -0.0040920089777099029 -0.0040920089777099029 -0.0040920089777099029 -0.0040920089777099029 -0.0020460044888549514 0 0 0 0 0 0 0 0 0 0 0 0 0.012693254901043153 0.01903988235156473 0.025386509802086305 0.038079764703129459 0.044426392153651038 0.031733137252607881 0.025386509802086305 0.01903988235156473 0.0063466274505215763 0 0 0 0 0 0 0 0.0026708949684289378 0.0026708949684289378 0.0026708949684289378 0.0008879220725573954 -0.0026780237191856892 -0.0089148644793577113 -0.0089148644793577113 -0.0089148644793577113 -0.0071318915834861695 -0.0035659457917430848 
0 0 0 0 0 0 0 -0.0020460044888549514 -0.0020460044888549514 -0.0020460044888549514 -0.0020460044888549514 -0.0020460044888549514 0 0 0 0 0 0 0 0 0 0 0 0 0.012693254901043153 0.01903988235156473 0.01903988235156473 0.031733137252607881 0.038079764703129459 0.025386509802086305 0.01903988235156473 0.01903988235156473 0.0063466274505215763 0 0 0 0 0 0 0 0.0026708949684289378 0.0053417899368578756 0.0053417899368578756 0.003558817040986333 -7.12875075675138e-06 -0.0062439695109287735 -0.010697837375229254 -0.010697837375229254 -0.0089148644793577113 -0.0053489186876146269 
0 0 0 0 0 0 0 0 0 0 0 0 0 0 0 0 0 0 0 0 0 0 0 0 0.012693254901043153 0.01903988235156473 0.01903988235156473 0.01903988235156473 0.025386509802086305 0.012693254901043153 0.0063466274505215763 0.0063466274505215763 0.0063466274505215763 0 0 0 0 0 0 0 0.0026708949684289378 0.0053417899368578756 0.0071176340819726659 0.0053346611861011242 0.0017687153943580394 -0.0044681253658139831 -0.0089219932301144635 -0.010697837375229254 -0.0089148644793577113 -0.0053489186876146269 
0 0 0 0 0 0 0 0 0 0 0 0 0 0 0 0 0 0 0 0 0 0 0 0 0.012693254901043153 0.01903988235156473 0.01903988235156473 0.01903988235156473 0.01903988235156473 0.0063466274505215763 0 0 0 0 0 0 0 0 0 0 0.0026708949684289378 0.0053417899368578756 0.0071176340819726659 0.0097885290504016037 0.0062225832586585194 -1.4257501513503627e-05 -0.004468125365813984 -0.0062439695109287744 -0.0089148644793577113 -0.0053489186876146269 
0 0 0 0 0 0 0 0 0 0 0 0 0 0 0 0 0 0 0 0 0 0 0 0 0 0.0063466274505215763 0.0063466274505215763 0.0063466274505215763 0.0063466274505215763 0.0063466274505215763 0 0 0 0 0 0 0 0 0 0.0001578532484214374 0.0028287482168503752 0.005499643185279313 0.0072754873303941033 0.0099463822988230411 0.015130318987259479 0.0088934782270874563 0.0044396103627869759 0.0026637662176721855 -7.1287507567515968e-06 -0.0053489186876146269 
0 0 0 0 0 0 0 0 0 0 0.00091318122036434211 0.00091318122036434211 0.00091318122036434211 0.00091318122036434211 0.00091318122036434211 0 0 0 0 0 0 0 0 0 0 0 0 0 0 0 0 0 0 0 0 -0.0011711524593367481 -0.0011711524593367481 -0.0011711524593367481 -0.0011711524593367481 -0.0010132992109153107 0.0004735597452643122 0.00314445471369325 0.0049202988588080403 0.0075911938272369781 0.012775130515673416 0.015130318987259479 0.010676451122958999 0.0089006069778442085 0.0062297120094152707 0.0008879220725573954 
0 0 0 0 0 0 0 0 0 0 0.00091318122036434211 0.0018263624407286842 0.0018263624407286842 0.0018263624407286842 0.0018263624407286842 0.00091318122036434211 0 0 0 0 0 0 0 0 0 0 0 0 0 0 0 0 0 0 0 -0.0011711524593367481 -0.0023423049186734961 -0.0023423049186734961 -0.0023423049186734961 -0.0021844516702520587 -0.00069759271407243586 0.0006314129936857496 0.0024072571388005404 0.0050781521072294777 0.010262088795665916 0.012617277267251979 0.012459424018830541 0.010683579873715751 0.0080126849052868133 0.0026708949684289378 
0 0 0 0 0 0 0 0 0 0 0.00091318122036434211 0.0018263624407286842 0.0036527248814573685 0.0036527248814573685 0.0036527248814573685 0.0027395436610930263 0.0018263624407286842 0 0 0 0 0 0 0 0 0 0 0 0 0 0 0 0 0 0 -0.0011711524593367481 -0.0023423049186734961 -0.0046846098373469923 -0.0046846098373469923 -0.0045267565889255549 -0.0030398976327459318 -0.0017108919249877465 0.0009471194905286244 0.0036180144589575622 0.0088019511473940003 0.011157139618980063 0.010999286370558626 0.010683579873715751 0.0080126849052868133 0.0026708949684289378 
0 0 0 0 0 0 0 0 0 0 0.00091318122036434211 0.0018263624407286842 0.0036527248814573685 0.0045659061018217106 0.0045659061018217106 0.0036527248814573685 0.0027395436610930263 0.00091318122036434211 0 0 0 0 0 0 0 0 0 0 0 0 0 0 0 0 0 -0.0011711524593367481 -0.0023423049186734961 -0.0046846098373469923 -0.0056979090482623031 -0.0055400557998408657 -0.0040531968436612427 -0.002724191135903057 -6.6179720386686262e-05 0.0009471194905286244 0.0061310561789650626 0.0084862446505511255 0.0083283914021296881 0.0080126849052868133 0.0080126849052868133 0.0026708949684289378 
0 0 0 0 0 0 0 0 0 0.00091318122036434211 0.0018263624407286842 0.0027395436610930263 0.0045659061018217106 0.0054790873221860527 0.0054790873221860527 0.0045659061018217106 0.0036527248814573685 0.0018263624407286842 0.00091318122036434211 0 0 0 0 0 0 0 0 0 0 -0.010118749945069372 -0.010118749945069372 -0.010118749945069372 -0.010118749945069372 -0.010118749945069372 0 -0.0011711524593367481 -0.0023423049186734961 -0.0046846098373469923 -0.0056979090482623031 -0.0042127416949508173 -0.0027258827387711946 -0.0013968770310130091 0.0012611343845033618 0.0022744335954186724 0.000789266242107187 0.00314445471369325 0.0029866014652718126 0.0026708949684289378 0.0026708949684289378 0.0026708949684289378 
0 0 0 0 0 0 0 0 0 0.00091318122036434211 0.0018263624407286842 0.0027395436610930263 0.0045659061018217106 0.0054790873221860527 0.0054790873221860527 0.0045659061018217106 0.0036527248814573685 0.0018263624407286842 0.00091318122036434211 0 0 0 0 0 0 0 0 0 0 -0.010118749945069372 -0.030356249835208113 -0.030356249835208113 -0.030356249835208113 -0.030356249835208113 -0.020237499890138743 0 -0.0011711524593367481 -0.003513457378010244 -0.0045267565889255549 -0.0030415892356140694 -0.00054312267138727417 0.0007858830363709113 0.0034438944518872822 0.0044571936628025931 0.0029720263094911081 0.0004735597452643122 0.0003157064968428748 0 0 0 
0 0 0 0 0 0 0 0 0 0.00091318122036434211 0.0018263624407286842 0.0018263624407286842 0.0036527248814573685 0.0045659061018217106 0.0045659061018217106 0.0036527248814573685 0.0036527248814573685 0.0018263624407286842 0.00091318122036434211 0 0 0 0 0 0 0 0 0 0 -0.010118749945069372 -0.030356249835208113 -0.040474999780277486 -0.040474999780277486 -0.040474999780277486 -0.030356249835208113 -0.010118749945069372 0.0018348095117817721 -0.00050749540689172404 -0.0015207946178070345 -3.5627264495549258e-05 0.002462839299731246 0.0006280297879494739 0.0032860412034658448 0.0042993404143811557 0.0028141730610696707 0.0003157064968428748 0.0003157064968428748 0 0 0 
0.023173089051576529 0.023173089051576529 0 0 0 0 0 0.0041560211737253216 0.0041560211737253216 0.0050692023940896638 0.0059823836144540059 0.0059823836144540059 0.0018263624407286842 0.0027395436610930263 0.0027395436610930263 0.0018263624407286842 0.0018263624407286842 0.0018263624407286842 0.00091318122036434211 0 0 0 0 0 0 0 0 -0.020237499890138743 -0.020237499890138743 -0.030356249835208113 -0.050593749725346859 -0.060712499670416233 -0.040474999780277486 -0.040474999780277486 -0.030356249835208113 -0.010118749945069372 0.0018348095117817721 0.0055044285353453163 0.0044911293244300054 0.0059762966777414913 0.0084747632419682854 0.0066399537301865142 0.00297033470662297 0.0039836339175382809 0.0024984665642267959 0 0 0 0 0 
0.034759633577364793 0.034759633577364793 0.011586544525788264 0 0 0 0 0.0041560211737253216 0.0083120423474506433 0.0092252235678149854 0.010138404788179328 0.010138404788179328 0.0059823836144540059 0.0018263624407286842 0.0018263624407286842 0.00091318122036434211 0.00091318122036434211 0.00091318122036434211 0.00091318122036434211 0 0 0 0 0 0 0 0 -0.020237499890138743 -0.030356249835208113 -0.040474999780277486 -0.060712499670416233 -0.070831249615485606 -0.050593749725346859 -0.040474999780277486 -0.030356249835208113 -0.010118749945069372 0.0018348095117817721 0.0055044285353453163 0.0073392380471270884 0.0088244054004385734 0.01132287196466537 0.0094880624528835972 0.005818443429320053 0.0039836339175382809 0.0024984665642267959 0 0 0 0 0 
0.057932722628941322 0.057932722628941322 0.034759633577364793 0.023173089051576529 0 0 0 0.0041560211737253216 0.0083120423474506433 0.016624084694901287 0.01753726591526563 0.01753726591526563 0.013381244741540307 0.0092252235678149854 0.00091318122036434211 0 0 0 0 0 0 0 0 0 0 0 0 -0.020237499890138743 -0.030356249835208113 -0.040474999780277486 -0.060712499670416233 -0.070831249615485606 -0.050593749725346859 -0.040474999780277486 -0.030356249835208113 -0.010118749945069372 0.0018348095117817721 0.0055044285353453163 0.0073392380471270884 0.0073392380471270884 0.0098377046113538834 0.0080028950995721122 0.004333276076008568 0.0024984665642267959 0.0090536885921586995 0.0065552220279319036 0.0065552220279319036 0.0065552220279319036 0.0065552220279319036 0 
0.08110581168051785 0.08110581168051785 0.057932722628941322 0.046346178103153057 0.023173089051576529 0 0 0.0041560211737253216 0.0083120423474506433 0.016624084694901287 0.02493612704235193 0.02493612704235193 0.020780105868626608 0.016624084694901287 0.0083120423474506433 -0.010127798056096919 -0.010127798056096919 -0.010127798056096919 -0.010127798056096919 -0.010127798056096919 0 0 0 0 0 0 0 -0.020237499890138743 -0.030356249835208113 -0.040474999780277486 -0.040474999780277486 -0.050593749725346859 -0.030356249835208113 -0.020237499890138743 -0.010118749945069372 -0.010118749945069372 0.0018348095117817721 0.0055044285353453163 0.0073392380471270884 0.0073392380471270884 0.020449682102990897 0.018614872591209124 0.014945253567645578 0.013110444055863807 0.019665666083795712 0.016592690194491291 0.016592690194491291 0.016592690194491291 0.016592690194491291 0.010037468166559389 
0.092692356206306115 0.08110581168051785 0.057932722628941322 0.046346178103153057 0.023173089051576529 0 0.0041560211737253216 0.0083120423474506433 0.012468063521175965 0.020780105868626608 0.029092148216077252 0.02493612704235193 0.020780105868626608 0.016624084694901287 0.0083120423474506433 -0.010127798056096919 -0.020255596112193838 -0.020255596112193838 -0.020255596112193838 -0.020255596112193838 -0.010127798056096919 0 0 0 0 0 0 -0.020237499890138743 -0.030356249835208113 -0.040474999780277486 -0.040474999780277486 -0.040474999780277486 -0.020237499890138743 -0.010118749945069372 0 0 0 0.0036696190235635442 0.0055044285353453163 0.0055044285353453163 0.018614872591209124 0.025170094619141027 0.021500475595577481 0.019665666083795712 0.026220888111727614 0.023147912222423194 0.02663015836105068 0.02663015836105068 0.02663015836105068 0.020074936333118777 
0.069519267154729586 0.057932722628941322 0.057932722628941322 0.046346178103153057 0.023173089051576529 0 0.0041560211737253216 0.0083120423474506433 0.012468063521175965 0.020780105868626608 0.029092148216077252 0.02493612704235193 0.020780105868626608 0.016624084694901287 0.0083120423474506433 -0.010127798056096919 -0.020255596112193838 -0.040511192224387677 -0.040511192224387677 -0.040511192224387677 -0.030383394168290757 -0.020255596112193838 0 0 0 0 0 0 -0.010118749945069372 -0.020237499890138743 -0.020237499890138743 -0.020237499890138743 -0.020237499890138743 -0.010118749945069372 0 0 0 0 0.0018348095117817721 0.0018348095117817721 0.014945253567645578 0.021500475595577481 0.034610919651441287 0.032776110139659517 0.039331332167591423 0.036258356278287003 0.039740602416914489 0.046705094694169461 0.046705094694169461 0.040149872666237554 
0.057932722628941322 0.046346178103153057 0.046346178103153057 0.046346178103153057 0.023173089051576529 0 0.0041560211737253216 0.0083120423474506433 0.0083120423474506433 0.016624084694901287 0.02493612704235193 0.020780105868626608 0.016624084694901287 0.016624084694901287 0.0083120423474506433 -0.010127798056096919 -0.020255596112193838 -0.040511192224387677 -0.050638990280484596 -0.050638990280484596 -0.040511192224387677 -0.030383394168290757 -0.010127798056096919 0 0 0 0 0 0 -0.010118749945069372 -0.010118749945069372 -0.010118749945069372 -0.010118749945069372 -0.010118749945069372 0 0 0 0 0 0 0.013110444055863807 0.019665666083795712 0.032776110139659517 0.049368800334150816 0.055924022362082722 0.052851046472778301 0.05633329261140578 0.063297784888660738 0.046705094694169461 0.040149872666237554 
0.034759633577364793 0.023173089051576529 0.023173089051576529 0.023173089051576529 0.029659914396633534 0.0064868253450570072 0.010642846518782329 0.01479886769250765 0.01479886769250765 0.0083120423474506433 0.016624084694901287 0.012468063521175965 0.0083120423474506433 0.0083120423474506433 0.0083120423474506433 -0.010127798056096919 -0.020255596112193838 -0.040511192224387677 -0.050638990280484596 -0.070894586392678427 -0.060766788336581515 -0.050638990280484596 -0.030383394168290757 -0.020255596112193838 0 0 0 0 0 0 0 0 0 0 0 0 0 0 0 0 0.013110444055863807 0.019665666083795712 0.032776110139659517 0.049368800334150816 0.075998958695201499 0.072925982805897072 0.07640822894452455 0.083372721221779522 0.066780031027288231 0.040149872666237554 
0.011586544525788264 0 0 0 0.0064868253450570072 0.019460476035171023 0.023616497208896345 0.027772518382621666 0.027772518382621666 0.021285693037564658 0.0083120423474506433 0.0041560211737253216 0 0 0 0 -0.010127798056096919 -0.030383394168290757 -0.040511192224387677 -0.060766788336581515 -0.070894586392678427 -0.060766788336581515 -0.040511192224387677 -0.030383394168290757 -0.010127798056096919 0 0 0 0 0 0 0 0 0 0 0 0 0 0 0 0 0.0065552220279319036 0.019665666083795712 0.036258356278287003 0.062888514639337686 0.072925982805897072 0.07640822894452455 0.083372721221779522 0.066780031027288231 0.040149872666237554 
0 0 0 0 0.0064868253450570072 0.019460476035171023 0.025947301380228029 0.03010332255395335 0.03010332255395335 0.023616497208896345 0.010642846518782329 0.0041560211737253216 0 0 0 0 0 -0.020255596112193838 -0.030383394168290757 -0.050638990280484596 -0.060766788336581515 -0.060766788336581515 -0.040511192224387677 -0.030383394168290757 -0.010127798056096919 0 0 0 0 0 0 0 0 0 0 0 0 0 0 0 0 0 0.013110444055863807 0.029703134250355097 0.05633329261140578 0.066370760777965165 0.066370760777965165 0.073335253055220137 0.056742562860728846 0.030112404499678166 
0 0 0.0052552499362569218 0.0052552499362569218 0.011742075281313928 0.024715725971427946 0.031202551316484951 0.038920952070342039 0.038920952070342039 0.032434126725285034 0.019460476035171023 0.012973650690114014 0 0 0 0 0 0 -0.010127798056096919 -0.030383394168290757 -0.040511192224387677 -0.040511192224387677 -0.040511192224387677 -0.030383394168290757 -0.010127798056096919 0 0 0 0 0 0 0 0 0 0 0 0 0 0 0 0 0 0 0.016592690194491291 0.043222848555541968 0.05326031672210136 0.05326031672210136 0.05326031672210136 0.036667626527610069 0.010037468166559389 
0 0 0.0052552499362569218 0.010510499872513844 0.016997325217570851 0.029970975907684869 0.036457801252741874 0.044176202006598962 0.045407777415399045 0.038920952070342039 0.025947301380228029 0.019460476035171023 0.0064868253450570072 0 0 0 0 0 0 -0.020255596112193838 -0.030383394168290757 -0.030383394168290757 -0.030383394168290757 -0.030383394168290757 -0.010127798056096919 0 0 0 0 0 0 0 0 0 0 0 0 0 0 0 0 0 0 0 0.02663015836105068 0.036667626527610069 0.036667626527610069 0.036667626527610069 0.036667626527610069 0.010037468166559389 
0 0 0.0052552499362569218 0.010510499872513844 0.027507825090084696 0.040481475780198707 0.046968301125255713 0.054686701879112801 0.05591827728791289 0.038920952070342039 0.025947301380228029 0.019460476035171023 0.0064868253450570072 0 0 0 0 0 0 0 -0.010127798056096919 -0.010127798056096919 -0.010127798056096919 -0.010127798056096919 -0.010127798056096919 0 0 0 0 0 0 0 0 0 0 0 0 0 0 0 0 0 0 0 0 0.010037468166559389 0.010037468166559389 0.010037468166559389 0.010037468166559389 0.010037468166559389 
0 0 0.0052552499362569218 0.010510499872513844 0.027507825090084696 0.038018324962598535 0.04450515030765554 0.052223551061512628 0.053455126470312718 0.036457801252741867 0.025947301380228029 0.019460476035171023 0.0064868253450570072 0 0 0 0 0 0 0 0 0 0 0 0 0 0 0 0 0 0 0 0 0 0 0 0 0 0 0 0 0 0 0 0 0 0 0 0 0 
0 0 0.0052552499362569218 0.010510499872513844 0.027507825090084696 0.038018324962598535 0.043273574898855457 0.050991975652712546 0.052223551061512635 0.035226225843941784 0.024715725971427946 0.019460476035171023 0.0064868253450570072 0 0 0 0 0 0 0 0 0 0 0 0 0 0 0 0 0 0 0 0 0 0 0 0 0 0 0 0 0 0 0 0 0 0 0 0 0 
0 0 0 0.0052552499362569218 0.022252575153827774 0.032763075026341612 0.038018324962598535 0.043273574898855457 0.044505150307655547 0.027507825090084696 0.016997325217570851 0.011742075281313928 0.0064868253450570072 0 0 0 0 0 0 0 0 0 0 0 0 0 0 0 0 0 0 0 0 0 0 0 0 0 0 0 0 0 0 0 0 0 0 0 0 0 
0 0 0 0 0.016997325217570851 0.027507825090084693 0.032763075026341612 0.038018324962598535 0.038018324962598535 0.021020999745027687 0.010510499872513844 0.0052552499362569218 0 0 0 0 0 0 0 0 0 0 0 0 0 0 0 0 0 0 0 0 0 0 0 0 0 0 0 0 0 0 0 0 0 0 0 0 0 0 
0 0 0 0 0 0.010510499872513844 0.015765749808770765 0.021020999745027687 0.021020999745027687 0.021020999745027687 0.010510499872513844 0.0052552499362569218 0 0 0 0 0 0 0 0 0 0 0 0 0 0 0 0 0 0 0 0 0 0 0 0 0 0 0 0 0 0 0 0 0 0 0 0 0 0 
